20190796102
20190796401
20190797501
20190796901
20190794102
20190795205
20180791201
20170771701
20160762301
20180782502
20150740002
20180782902
20180783102
20150751401
20160764202
20170773101
20180792901
20180790303
20180789803
20170777802
20170733402
20150739901
20150731002
20170773501
20180788802
20150749102
20180791301
20150470602
20160761902
20170772001
20180778102
20190796701
20170777001
20190798102
20150743801
20170778901
20190799301
20150740302
20190801202
20190801301
20180789102
20170778001
cafamest1
cafamest2
20160765101
cafam4b
cafam5a
cafam5b
20170774701
cafam6a
cafam6b
20160756501
cafam6c2
20150746701
20130102501
20130063902
20180782301
20150740801
20190805801
20160756603
20180790201
20170773201
20170778703
20170778101
20180788701
20180029202
20150744401
20160760302
20160765301
20170775002
20160754401
20130048902
20180790402
20130468601
20130048202
20130102901
20180788001
20160754201
20160053103
20130067702
20140731001
20150743901
20140058002
20140725302
20150743301
20160760001
20190802502
20160755301
20190794001
20170776501
20180788202
20150747101
20190794601
20160762903
20150741002
20190034902
20150745003
20190804901
20180782101
20170776001
20180733603
20170780902
20160755401
20190804501
20190797101
20190797601
20150746002
20180477202
20180789901
20190802001
20170777801
20190785102
20140056702
20140734501
20190802803
20180782401
20190804201
20140475703
20190797001
20160759001
20170778602
20180784601
20180782602
20130471703
20150015702
20180783701
20180788301
20190795501
20150010702
20150742001
20190795401
20130473301
20170025702
20130067302
20160754402
20130472702
20160755201
20190798302
20170776902
20150742301
20130018903
20170779901
20160759901
20160761102
20160757401
20160731102
20180788801
20170773001
20190799902
20170774102
20140475702
20180791101
20140728001
20190798202
20140054702
20170753903
20130031203
20160769602
20140727101
20160765501
20180790101
20150744501
20150743101
20180786302
20150743701
20190801902
20190795801
20160766901
20190797102
20180792401
20170780601
20160758402
20170779601
20190794101
20160766602
20170775201
20130102601
20180786403
20180783601
20180785601
20190731303
20180782901
20150476402
20170776401
20190795101
20170772801
20190794701
20130102801
20140035902
20150742401
20140732303
20190796501
20130055303
20170022402
20150729402
20150745701
20140725501
fsilfae
fsilfae2
galileo_e
aura4
aura5
aura6
aura7
aura8
20150752301
20170041802
20160022702
20190795201
20160757701
20130009002
20190795302
20160758701
20170774101
20130063903
20190799101
20190801401
20190794403
20170773901
20190801601
20180783302
20170773401
20190795102
20150743201
20180790901
20150748201
20190805201
20130048203
20190802901
20150749803
20160754801
20190794901
20180785901
20140045202
20190800702
20190799201
20150753201
20170776201
20160762001
20160769402
20190795002
20190034903
20170780903
20140038402
20140731502
20160754202
20160771601
20160038703
20190801201
20190803501
20190796001
20190758102
20150743902
20150746702
20170780401
20180783602
20150738001
20180785701
20140039103
20180790102
20190799701
20180793502
20150737601
20190803801
20160759801
20180783502
20160768401
20190800601
demo
20190801701
20190801002
20160765302
20160758401
20170772501
20110047901
20170773301
20110056901
20140006804
20180782702
20130474202
20120064402
20150745401
20160756201
20150742901
20120072502
20180784501
20180784701
20160762902
20160758601
20170777301
20170772602
20160760903
20170779801
20110060102
20110055403
20140061202
20160757202
20150737701
20180784002
20190795001
20180793501
20190796601
20110008803
20130472802
20170780901
20150738401
20190757002
20180789802
20070021002
20170772401
20150739601
20170763302
20190795301
20190800402
20140735101
20170777401
20120067701
20130477501
20160760902
20110056902
20150737901
20100046703
20160762102
20170771801
20190797301
20160761402
20130466503
20180783401
20160757301
20180792802
20170776101
20180789502
20130052203
20180786101
20150747001
20140475003
20170779301
20140732803
20110016101
20130468002
20180793801
20160764902
20150744801
20130469101
20170778501
20180782802
20150748102
20170775702
20180761202
20150742801
20140732302
20140733401
20110048201
20180790302
20170777101
20150742302
20160758201
20180789101
20120080903
20150745801
20120068802
20190801501
20190806101
20130472502
20190805001
20190806301
student8d
student7c
20160758101
20160766801
20190802802
20100026802
20160757201
20190804001
20130471101
20180785501
20170774201
20150068902
20190797401
20170778702
20080025402
20150748101
20130480901
20140734602
20170778301
20180783101
20180792001
20130473504
20180758502
20130018503
20160762601
20160758301
20180793701
20090037302
20130038702
20190806001
20180792701
20140732401
20160763501
20160765901
20150739202
20180782501
20180787901
20160767601
20160759501
20130465601
20160763602
20170777501
20180787501
20180790501
20190798501
20180790801
20100045602
20160757801
20190803901
20160771201
20160759602
20130470501
20150748601
20190805701
20120070701
20180787301
20160756602
20190800501
20180784001
20100041401
20140726601
20170781301
20150745002
20140729501
20180787101
20160761001
20170774402
20140725801
20120074502
20180791701
20160755701
20140733501
20190802402
20190802101
20190801901
20120011203
20160065203
20190799901
20170480503
20190799601
20190801001
20190800801
20180790401
20190797701
20170772202
20160763702
20160076602
20190805601
20180791601
160651
170751
170755
170769
180016
180022
180036
180050
180081
121977
130459
130480
160646
160676
160702
170760
170762
170770
180029
190073
190076
190078
190086
190096
190099
190107
120102
120275
120408
130451
130511
140564
150598
150600
150617
150623
160650
170731
170771
170784
180012
190067
190085
190090
190100
190105
120017
120055
120091
120274
130461
130500
130515
140560
150621
160660
160681
170782
180063
190113
120021
120066
120082
120204
120227
120269
120285
120374
120389
120422
120433
130513
150592
160655
160664
160686
170719
170726
170789
180011
180023
180032
180046
190075
190089
190093
190095
190121
120059
120076
120111
120232
120268
130449
140566
150585
150608
160701
160714
170735
170776
180006
180013
190101
190112
190117
demo3
demo4
demo5
demo6
demo7
demo8
einstein_e
duarte_e
salome_e
isfodosu3
isfodosu4
isfodosu5
isfodosu6
isfodosu7
isfodosu8
20170780102
20190801903
20160767203
20170774702
20160040403
Layan.Abordan
Briana.Alcantara
Carlos.Calcaño
Lia.Canela
Erickson.Carvajal
Felix.Casa
Lia.Ciprian
Zaid.Diaz
Edmundo.Garcia
Alejandro.Henriquez
Dylan.Hernandez
Dominic.Mateo
Adriel.Olivo
Noah.Peña
Maria.Pereyra
Thiago.Perez
Eliam.Soto
Linda.Abordan
Nerea.Cirkovic
Ana.Cruz
Sahira.Dominguez
Dariel.Escolastico
Crismar.Gutierrez
Cesar.Jerez
Albert.Marcelino
Anabella.Medina
Damian.Nadal
Maria.Nuñez
Juan.Perez
Diana.Perez
Priscila.Rosario
Daila.Salas
Andres.Tejada
Analia.Aquino
Angel.Cortiñas
Xian.Diaz
Nicole.Disla
Othmar.Eberle
Diego.Echavarria
Mario.Forteza
Lorena.Henriquez
Annarella.Hernandez
Adua.medero
Sebastian.Morales
Paz.Morillo
Sebastian.Pepen
Daniel.Peralta
Laura.Pereyra
Jose.Polanco
Patricia.Reyes
Marcia.Rivera
Lucas.Vargas
Louai.Abordan
Gabrielle.Cabral
Mabel.Castro
Joshlin.Johnson
Maite.Lied
Lia.Mateo
sofia.Morillo
Adriana.Muñoz
Christian.Jesus
Manuel.Rivera
Oliver.Rodriguez
Jaime.Romero
Giamara.Susana
Alexia.Thompson
Paola.Ortiz
Pablo.Andujar
Erica.Acosta
Cipriano.Bencosme
Valentina.Bienvenide
Elian.Cabral
Luis.Cabrera
Mel.Moya
Candy.Miselle
Gabriela.Cruz
Tanisha.Leon
Antonio.Lillo
Arturo.Escobar
Julio.Garcia
Stwar.Garcia
Maria.Morillo
Claudina.Pena
Nicole.Perozo
Marcos.Pimentel
Cesar.Rocha
Luis.Cruz
Alvaro.Santana
Emil.Guzman
Abraham.Mejia
Esteban.Peralta
Lianna.Currier
Carlos.Garcia
Edgar.Hernandez
Alexander.Herrera
Gia.Horne
Steven.Nivar
Angel.Nivar
Sofia.Peña
Jose.Perez
Maria.Escobar
annie.camilo
Blas.Carrasco
Aser.Janbai
Angel.Andujar
Jarlin.Noyer
mtester
180054
180055
190127
120161
160687
120040
160709
160695
150639
170765
120143
Julio.Rolffot
Perla.Lopez
170748
arlette
coral@okus.com.do
eric@okus.com.do
Nashla.Paniagua
Ashley.Paniagua
nazir.baez
20190796101
20180783301
20190806901
Eva.Riahi