20150742801
annabelletarazonaparedes@gmail.c
20170777501
20130468601
20150740302
20150746002
20100046703
20160754801
20150748201
20180791301
20190795201
20150743101
20160764902
20070021002
nazir.baez
20130472702
20180787901
20130102501
20140731502
20150744501
20170772202
20180788001
20120064402
20180782902
20140729501
20170776001
20130102801
20150749102
20180783601
20180783602
20130055303
20170773901
20180778102
20150743301
20160755401
20140735101
20170771701
20160766602
20180792802
20160761402
20130018903
20160762902
20180790501
20190797301
20140726601
20150747101
20190758102
20160758101
20160053103
20100041401
20140475703
20160759001
20190795501
20160756501
20160757701
20180790302
20180789802
20190794102
20180792901
20170025702
20130063903
20190795302
20120072502
20160757301
20180782602
20180790801
20160771201
20170779901
20170763302
20190795401
20160758401
20130465601
20160754401
20160754402
20190798501
20140725302
20160756603
20160756602
20180785501
20190797601
20190798202
20120074502
20130067302
20180793502
20180784001
20180784002
20170775702
20190801501
20170774102
20170774101
20140732803
20190799301
20130477501
20150741002
20160763602
20170778501
20150743701
20190798102
20130470501
20190801202
20190801201
20160754202
20190799701
20170776501
20190797001
20170780401
20180782401
20170779801
20160761102
20190799201
20180783502
20190802101
20190801901
20190801903
20170774701
20190804201
20160763501
20150752301
20180793801
20190803901
20130471101
20190799601
20170777401
20160757801
20170772001
20160765101
20170776902
20180788301
20180786302
20180758502
20190785102
20110055403
20150470602
20190803801
sofia.Morillo 
20190797501
20150742302
20150742401
20160765301
20130048203
20130048202
20190801002
20160038703
20180791601
20180790201
20130038702
20170775201
20160759501
20190797401
20170778001
20140038402
20190801301
20170777001
20160757201
20160757202
20170778702
20170778703
20190805801
20120068802
20190796701
20190805001
20180792401
20170771801
20190795102
20190795101
