20170753903
20150742801
20180785601
20160755701
20170777501
20170776401
20160764202
20130468601
20150740302
20150746002
20180785901
20100046703
20190794403
20190795001
20190795002
20180791101
20150744801
20160754801
20150748201
20180782702
20140725501
20120070701
20180791301
20180782301
20190795205
20190795201
20150743101
20170777801
20170777802
20160764902
20070021002
20160756201
20140727101
20110060102
20150751401
20130472702
20180787901
20130102501
20140731502
20190796001
20150744501
20150743901
20150743902
20170772202
20180788001
20160758201
20180782101
20160761001
20120064402
20190794001
20180782901
20180782902
20140729501
20190731303
20170776001
20130102801
20190796401
20160755201
20150749102
20180783601
20180783602
20130468002
20130473301
20110008803
20180784501
20180783401
20130055303
20140733401
20170733402
20180784701
20150738401
20170773901
20180778102
20170778101
20150743301
20150737601
20160755401
20140054702
20140735101
20160769402
20170771701
20160766602
20120067701
20130067702
20140035902
20170776201
20190797701
20160758601
20180792802
20160761402
20130018903
20160762902
20160762903
20150740002
20130052203
20180790501
20180788701
20190797301
20140726601
20160760302
20180788202
20190796501
20160762301
20130473504
20130102901
20150747101
20190794901
20190758102
20160758101
20170775002
20180785701
20160760902
20160760903
20160053103
20100041401
20150737901
20140475702
20140475703
20150015702
20150742001
20130048902
20160759001
20190795501
20160756501
20160757701
20160760001
20180790303
20180790302
20150739901
20140734602
20150745002
20150745003
20180789803
20180789802
20150739202
20190794101
20190794102
20180792901
20170025702
20130480901
20140045202
20150740801
20160759901
20150068902
20160757401
20130063903
20130063902
20190795301
20190795302
20160762001
20120072502
20160757301
20180782602
20150746702
20150746701
20180790801
20160771201
20140039103
20140475003
20170779901
20170763302
20180786101
20160762601
20150747001
20140056702
20190795401
20160758401
20130469101
20160758402
20170773301
20130465601
20170772501
20150745401
20150010702
20160754401
20160754402
20110047901
20190798501
20140725302
20160756603
20160756602
20180785501
20190797601
20190798202
20150749803
20160731102
20120074502
20130067302
20180793501
20180793502
20180784001
20180784002
20130031203
20140728001
20170775702
20190801501
20190803501
20170774102
20170774101
20190799101
20140732803
20190799301
20130477501
20150741002
20150753201
20160763602
20180789502
20180790401
20180790402
20170778501
20140734501
20150743701
20150744401
20190800402
20190798102
20130470501
20170778901
20160766901
20190800601
20180789101
20180789102
20190801202
20190801201
20160754202
20160754201
20190799701
20170773501
20170776501
20190797001
20190802901
20150743201
20170780401
20190800801
20180782401
20170779801
20160761102
20190801401
20190799201
20160765501
20180783502
20190802101
20190801901
20190801902
20190801903
20160765901
20190802402
20170774701
20190804201
20160763501
20150752301
20180793801
20110016101
20150738001
20190803901
20130471101
20170773201
20190799601
20170777401
20180793301
20160757801
20170772001
20180792701
20190799902
20160765101
20170776902
20180784601
20160076602
20180788301
20180786302
20180758502
20170779301
20190785102
20110055403
20180761202
20150470602
20160771601
20180790901
20190803801
20190034902
20190034903
20190797501
20150742301
20150742302
20170780903
20170780902
20150742401
20130474202
20160765301
20160765302
20130048203
20130048202
20150748102
20190801002
20190801001
20160038703
20180791601
20180790201
20130038702
20190796901
20170775201
20160759501
20190797401
20170778001
20140038402
20190801301
20170777001
20160757201
20160757202
20180789901
20170778702
20170778703
20190805801
20100045602
20160022702
20120068802
20120080903
20160758701
20190796701
20190805001
20180792401
20170773401
20130472502
20170771801
20170779601
20190795102
20190795101